5
22
46
65
84
103
122
129
141
153
160
170
177
199
206
220
237
247
264
284
303
320
335
357
378
385
406
418
435
454
465
479
486
498
515
534
558
568
578
594
616
627
634
645
660
679
686
708
725
735
757
769
788
805
817
827
834
856
875
891
905
917
932
951
967
986
996
1015
1031
1053
1068
1092
1111
1121
1138
1153
1165
1176
1200
1214
1221
1241
1260
1279
1291
1298
1320
1332
1356
1370
1391
1403
1420
1430
1442
1452
1469
1491
1506
1516
1523
1542
1556
1572
1584
1605
1621
1640
1655
1675
1687
1705
1717
1729
1744
1763
1782
1798
1810
1834
1853
1869
1876
1900
1924
1940
1957
1969
1981
1992
1999
2023
2039
2060
2077
2093
2115
2135
2151
2165
2177
2199
2215
2230
2237
2259
2271
2283
2299
2313
2320
2335
2350
2369
2383
2397
2421
2443
2455
2467
2484
2499
2514
2528
2544
2568
2590
2614
2633
2649
2664
2685
2702
2719
2736
2750
2762
2774
2793
2812
2819
2840
2861
2872
2894
2909
2919
2934
2944
2951
2965
2979
3001
3022
3032
3054
3070
3082
3089
3103
3127
3139
3155
3165
3180
3196
3220
3230
3242
3261
3276
3298
3317
3336

